1.399869 32.256496
0.270254 31.648449
2.211636 32.873421
0.940079 30.811918
2.028908 33.590748
0.413775 31.237961
-0.105038 30.264219
0.389507 32.839104
0.686091 31.266586
1.016565 33.327980
0.644933 33.712639
2.216510 32.889805
0.257018 32.579330
0.423703 33.612171
3.498156 34.130035
1.581441 32.838669
0.160930 32.552933
2.913344 32.173874
3.442528 30.945656
-0.503361 31.616070
2.311968 33.009991
0.367720 32.623959
2.542388 32.327698
0.869543 34.381268
0.326391 32.555145
0.366758 32.592381
0.602689 33.707912
2.837233 32.530605
1.700414 33.688522
1.694317 31.711855
-0.120474 31.879969
2.295686 33.007851
1.120547 34.054668
-0.603494 29.994110
2.600708 32.850159
2.836840 32.407825
0.822012 30.792131
0.630705 31.787724
0.423023 33.144741
0.390593 32.521591
-0.539219 30.705593
-0.920324 29.801229
2.505306 32.383907
2.356898 31.417545
0.326054 32.510406
1.232990 33.331226
0.513224 33.417709
0.696242 34.109386
0.589527 32.623108
2.480794 33.063114
1.445573 33.481636
-1.255216 30.056820
2.395847 32.513023
1.740958 33.583340
1.525771 33.550385
2.256250 32.872898
0.389081 30.486662
2.227439 32.261585
0.712145 32.529430
1.256083 30.810326
2.584571 30.935251
0.459744 31.595730
0.112060 31.760345
1.468467 34.094318
0.610065 30.196774
0.359631 33.137249
1.744212 33.049633
0.213035 31.052639
0.417213 33.215244
-0.155980 31.400017
0.332453 32.542370
-0.197683 31.810291
1.741085 33.601967
3.606782 34.126358
0.358735 30.088190
0.285991 32.538704
0.541162 33.865955
1.997584 32.542484
2.527381 33.200890
-0.612110 31.183638
2.311136 32.984913
0.000342 29.733910
0.350512 32.624798
3.339570 31.830435
0.337927 32.536728
-0.340356 31.184038
2.472383 31.062204
3.193876 32.850636
-1.150600 29.672838
3.006840 30.913631
-0.292248 31.478722
0.258136 32.565323
0.321928 32.638088
1.779583 33.039524
0.732910 32.958759
1.058946 33.164497
0.914467 31.071218
0.316350 33.160358
-0.142148 31.879677
-0.549797 30.067522
0.351295 32.630722
2.628932 30.857363
0.773993 33.074753
3.086549 34.137653
0.671627 31.262064
0.303096 32.573345
2.364858 32.603275
3.251656 31.198389
0.306302 32.594017
2.424601 32.851692
2.785541 32.399662
-0.314386 31.768534
3.212308 30.919161
0.572828 33.474026
0.142605 30.495325
1.420194 34.340416
0.502340 32.128906
2.137555 33.207504
2.417692 31.039698
3.251354 31.404354
2.275728 32.903915
0.626914 30.277119
0.785027 33.324905
-0.757246 30.807199
2.095189 32.413345
2.561206 32.940903
2.237484 32.910797
3.603441 31.612900
0.808689 34.336269
-0.518612 31.194437
0.574599 33.433449
2.586064 32.698006
0.721441 33.069710
1.475996 33.917168
2.204746 33.174091
1.029468 34.246181
1.361871 31.451387
2.494488 31.092310
0.726581 32.918507
0.543038 30.560274
1.233675 30.961950
0.857629 34.366478
0.828697 33.216484
2.769515 32.295139
0.662385 32.709141
3.038937 31.152414
0.480199 31.779175
1.626025 31.584976
3.382253 32.313869
0.435742 32.803734
-0.600329 30.665941
2.541371 34.666542
0.289860 32.553036
0.325886 32.544407
0.552687 31.382027
-1.150315 29.591431
0.295155 32.585400
1.766053 33.023891
1.514885 32.101482
0.362534 32.574726
2.775307 32.280388
3.244452 31.158716
1.968198 32.568344
1.060103 33.010223
0.767358 32.525814
2.394807 31.126745
0.447067 30.165287
1.374773 34.301998
2.208691 32.881786
2.330128 33.039772
0.391493 32.979301
0.411849 32.688755
0.422721 33.202499
1.734961 33.468559
2.292009 32.719528
-0.608761 30.672230
2.761965 32.332062
2.263628 32.898376
-0.528356 29.954180
2.128103 33.572617
0.728758 30.646589
0.887236 30.693213
0.327525 32.979481
3.309157 32.873867
2.373681 34.501106
0.329069 32.640133
2.493781 32.784485
0.660240 33.241806
1.737862 34.095272
-0.522386 31.355343
2.788371 30.909168
1.867478 32.796650
0.165164 30.496117
2.496691 30.875835
0.657477 34.158772
0.625763 33.288773
1.561474 33.306297
1.474652 31.338894
1.312257 33.834137
2.960176 32.261124
1.020718 31.124216
2.947615 32.269844
2.051963 33.977970
0.177929 30.073853
0.467748 34.091698
0.376263 33.191013
0.471293 32.864590
0.372613 32.756374
2.450215 34.491467
0.547454 33.165276
2.092654 31.480083
0.823250 34.217800
2.373127 33.034340
0.545564 33.093765
2.992119 32.724663
1.644182 31.574144
1.183900 33.719593
2.244184 32.896992
3.035457 34.045059
0.827235 32.844086
2.592793 30.797737
0.290199 32.575909
1.013497 34.316879
-0.593402 30.661873
-1.166219 29.794294
0.240531 31.776928
3.668089 31.715618
0.543996 32.189819
0.350127 32.669987
3.692567 31.731667
1.313597 33.740170
0.312797 32.611473
0.914399 30.758091
0.286153 32.638367
0.586552 32.525223
0.651610 30.646618
0.961449 33.591946
3.091644 31.019939
1.746609 32.167084
-1.241296 29.774176
0.039344 32.540386
0.356245 34.007687
0.145367 31.231060
3.033268 32.803741
0.346187 32.251301
0.351067 32.667366
0.322076 32.525803
3.394554 31.942965
1.509632 33.390423
0.578552 30.161201
2.654848 31.184507
2.773241 32.302151
-0.639231 31.529989
0.629518 33.541279
2.450305 32.458847
0.674983 33.519897
3.019773 32.272652
2.474281 32.719746
0.080449 29.852240
-0.925602 30.794159
1.782572 32.166794
0.365630 32.555477
1.982359 33.055092
0.597222 30.009207
0.330750 32.542141
-1.467934 29.923145
1.135881 32.990879
1.245738 34.263573
0.627312 32.086708
1.999995 33.240932
-0.471200 31.363787
0.238679 32.620823
2.328004 33.262554
0.067728 32.471592
0.419650 31.036463
0.255861 32.604019
0.345998 32.583225
0.625140 32.919586
0.487564 31.800924
0.389594 32.579426
0.640630 32.998459
1.995659 33.560284
1.588968 33.860134
0.014830 30.520327
3.358724 31.559462
1.009102 30.557779
2.489706 30.931246
0.696135 34.002964
2.513003 30.865576
-0.291444 31.791344
0.924405 33.130508
0.303221 32.619747
-0.619054 29.943525
3.281497 31.564133
0.711598 33.684834
2.497652 32.502548
2.542519 32.887440
-1.340851 29.768257
1.070755 34.172199
-0.295331 31.218782
2.408638 33.064617
0.811501 32.515919
2.741375 30.961315
1.795213 32.899227
0.457418 33.685871
-0.378039 31.726009
0.276930 32.545937
-0.343147 31.725313
0.128776 32.518578
-0.227396 30.402168
3.097592 30.884706
0.355950 32.612202
0.540447 33.790508
0.301655 32.600548
3.432526 32.728115
2.223047 32.862656
-0.760571 30.179094
2.256625 32.924835
1.151655 34.261589
0.411417 33.141369
-0.855295 30.659582
2.033412 32.832584
1.859726 32.799576
2.430733 32.746632
0.345753 32.546299
-0.260063 30.129675
-0.745039 30.424814
1.776905 34.566936
0.347713 32.682980
1.582447 32.189293
0.825317 34.272385
0.524179 31.359463
2.742029 30.954342
-0.530627 32.327492
2.352501 32.254761
0.640799 30.301283
-0.567365 30.426624
1.501457 33.470612
0.261842 32.556755
2.544075 30.978386
0.802708 34.309647
0.711118 34.173637
0.591024 30.471590
2.434563 33.063210
-0.151138 30.948854
1.054035 34.370621
2.152029 32.529922
-0.314625 31.748158
2.566242 34.640480
0.736392 30.236586
1.073454 34.165039
0.304610 32.543774
0.599729 30.642483
0.216248 31.574783
0.508614 33.153099
0.432437 33.240677
0.378245 33.569374
0.365141 32.597015
0.739024 32.935154
0.252456 30.120001
0.231386 32.590992
0.170689 32.461361
1.050755 33.423649
1.331631 34.660862
-0.576782 31.691637
0.446488 31.825706
0.653540 30.275635
1.663689 33.967888
0.515557 33.436172
2.117684 32.535301
1.609254 32.191475
1.727663 33.518349
1.978714 32.529621
3.322917 33.000992
0.389015 34.057812
-0.370605 31.749454
0.562990 33.434978
-0.492146 30.514168
-1.241430 29.961166
0.335266 31.646975
0.196654 32.255230
0.619389 32.812157
-0.508830 31.333286
3.201267 30.964247
0.375993 32.535873
3.279093 33.177807
0.305941 32.529144
1.059273 34.146641
1.845589 34.723160
-0.887125 31.711088
2.359820 30.917814
0.575504 31.819822
1.117772 33.863831
3.172371 30.908165
1.834434 33.517208
3.140986 30.967813
0.684334 30.050503
2.316163 32.940353
1.149416 33.920567
1.260800 33.797054
0.239827 32.543930
0.758136 33.419563
0.189983 30.549063
3.277292 30.975620
1.276098 34.371906
0.819429 34.094074
-0.272139 31.750366
-0.402728 31.349895
2.860156 32.431343
3.403118 30.961437
0.586751 31.718155
-0.205464 31.566809
2.357444 34.586277
2.147052 32.650845
1.218424 34.270432
0.623697 33.474148
1.992226 32.804718
3.525070 31.713505
0.485488 33.238556
-1.157262 30.062450
0.268997 32.572845
2.427159 33.041939
0.827927 31.843466
1.570534 32.362442
1.445643 31.334763
2.521463 33.203568
1.896428 32.663452
0.371429 32.565060
2.174026 32.616127
-0.556547 30.134388
2.581090 30.966335
0.337205 32.608589
0.702604 34.193100
2.416977 30.986454
3.439342 31.218246
0.551626 33.618896
2.297936 32.450832
1.050976 32.467468
0.652990 30.233335
-0.344248 31.571665
0.369839 32.566528
0.482224 32.567211
1.885663 32.408627
0.684824 32.829208
0.274723 31.942652
-1.191423 29.810253
0.297392 32.512184
-0.640431 29.805983
2.945614 32.203411
-0.364493 31.159548
2.122121 33.191463
0.289792 32.535381
1.035778 33.387863
0.354955 32.933506
2.615498 31.145201
2.464285 31.219236
2.340692 33.056400
0.818857 33.203697
2.419775 32.518250
2.637301 30.857639
1.441957 31.155403
0.218554 32.539898
2.145812 34.204441
0.624700 32.552940
0.189466 32.437519
1.850348 32.707870
3.066576 31.065247
2.791096 32.414722
-0.107999 31.124783
1.670280 33.705460
0.358215 30.085194
0.551319 33.125862
0.402623 32.081055
2.980755 32.311844
-0.946785 30.312031
0.338240 32.640327
2.188617 33.116344
-0.015238 30.937271
1.372140 33.907967
3.038332 34.147022
1.219726 33.382721
-1.380214 30.010633
0.688544 30.338146
1.209233 33.047924
0.273187 32.624809
0.328185 32.634068
0.320072 32.555046
0.071610 32.092873
0.329366 32.564770
0.751306 31.702980
-0.903627 31.765472
0.289081 32.560650
-0.536995 30.017317
0.883821 34.384117
0.056090 32.310928
2.299222 32.722084
0.288417 32.579048
3.211271 31.011837
0.333188 32.570656
2.120836 33.133457
0.356910 32.588352
0.403172 33.524433
0.000977 31.799799
0.347104 32.537529
2.581154 34.575676
-0.301559 31.750250
0.604716 33.481350
0.339910 32.558567
0.326279 32.581455
-1.404995 29.949390
3.092294 30.889103
2.800269 30.921444
0.480720 31.693167
0.103999 33.783092
1.820343 33.295116
0.661986 34.140625
-0.303413 31.722879
-0.860807 30.269276
0.344782 32.587532
2.111780 33.104233
1.434256 33.849781
0.380855 32.516460
1.950799 32.147900
2.847059 32.124928
2.959161 32.233006
-0.964901 29.959688
3.517599 34.160358
2.529953 30.786217
0.505781 32.329403
0.804887 34.306980
1.726609 33.891376
3.347760 31.193533
2.761463 32.235958
0.349635 32.537231
0.265681 32.462757
2.875721 32.377560
0.785144 30.247507
1.159600 32.002609
1.531584 34.050114
-0.151019 31.437550
1.769088 34.857117
-0.670389 31.160440
2.818747 32.280212
0.887244 31.700947
1.088838 33.402161
0.733248 33.596859
1.834834 32.384174
2.446411 32.282578
2.323860 33.001945
2.154819 32.699387
-0.079571 31.635708
0.463652 32.789963
2.778368 32.307217
-0.779665 29.653027
0.615905 33.470055
2.490925 32.737530
2.786886 32.411270
0.369691 33.187431
0.347739 32.572136
0.329716 32.577938
-0.132563 30.478821
0.900534 33.101513
0.112190 33.477962
1.423733 31.225559
0.336949 32.589561
0.279319 32.566051
0.289273 32.615974
0.356767 32.557106
0.313519 33.870636
3.013900 31.344151
0.327178 32.547070
0.576143 33.418102
-0.987177 30.129835
0.401924 32.102077
-0.303980 30.378496
-0.591850 29.888966
2.113591 33.117699
2.360523 33.213024
0.649369 34.151516
0.775407 33.347477
1.114154 33.215237
-0.560572 30.678801
0.410726 32.488712
0.684433 32.301426
2.513627 30.881895
0.080801 30.489553
2.080501 33.664116
2.604707 32.862572
3.433399 31.229664
0.490654 34.091770
1.869531 33.948082
-0.896751 29.778324
0.372188 32.568462
-0.654303 30.384218
1.826693 32.481422
1.491678 33.966675
0.285392 32.617664
2.713691 30.921421
3.364754 33.060352
1.550562 34.058590
1.890144 33.823803
2.762687 30.954836
0.029927 32.024590
3.065713 30.941223
0.378049 32.594128
0.794875 32.471142
0.431405 33.812641
-0.982337 30.459738
-0.248543 31.667816
-0.588488 30.689928
1.018523 34.072948
0.058414 29.949335
2.429460 32.890602
0.390714 32.073822
0.426389 31.837946
1.382185 34.404453
2.025595 32.717419
0.923509 31.578562
1.566586 33.273724
0.317999 32.542393
0.786844 33.567532
-0.043573 32.005306
3.692333 33.964535
0.584685 32.562008
0.368404 32.590256
0.757181 33.621288
1.199716 34.158424
2.858693 32.532810
2.037125 33.480930
1.746652 31.670069
-0.553773 30.303692
3.574262 31.132486
3.417407 31.180962
0.537968 31.368237
1.905335 32.371994
0.285813 32.578739
0.369964 32.556046
-0.867663 30.354115
0.313045 32.569145
-0.579035 31.573893
0.644542 32.245682
